<?xml version="1.0" encoding="utf-8"?>
<COLLADA xmlns="http://www.collada.org/2005/11/COLLADASchema" version="1.4.1">
<asset>
	<contributor>
		<author>Anonymous</author>
		<authoring_tool>Collada Exporter for Blender 2.6+, by Juan Linietsky (juan@codenix.com)</authoring_tool>
	</contributor>
	<created>2017-12-24T15:49:13Z</created>
	<modified>2017-12-24T15:49:13Z</modified>
	<unit meter="1.0" name="meter"/>
	<up_axis>Z_UP</up_axis>
</asset>
<library_geometries>
	<geometry id="id-mesh-32" name="Plane">
		<mesh>
			<source id="id-mesh-32-positions">
				<float_array id="id-mesh-32-positions-array" count="12"> -1.0 -1.0 0.0 1.0 -1.0 0.0 1.0 1.0 0.0 -1.0 1.0 0.0</float_array>
				<technique_common>
				<accessor source="#id-mesh-32-positions-array" count="4" stride="3">
					<param name="X" type="float"/>
					<param name="Y" type="float"/>
					<param name="Z" type="float"/>
				</accessor>
				</technique_common>
			</source>
			<source id="id-mesh-32-normals">
				<float_array id="id-mesh-32-normals-array" count="12"> 0.0 0.0 1.0 0.0 0.0 1.0 0.0 0.0 1.0 0.0 0.0 1.0</float_array>
				<technique_common>
				<accessor source="#id-mesh-32-normals-array" count="4" stride="3">
					<param name="X" type="float"/>
					<param name="Y" type="float"/>
					<param name="Z" type="float"/>
				</accessor>
				</technique_common>
			</source>
			<vertices id="id-mesh-32-vertices">
				<input semantic="POSITION" source="#id-mesh-32-positions"/>
			</vertices>
			<polygons count="1">
				<input semantic="VERTEX" source="#id-mesh-32-vertices" offset="0"/>
				<input semantic="NORMAL" source="#id-mesh-32-normals" offset="0"/>
				<p> 0 1 2 3 </p>
			</polygons>
		</mesh>
	</geometry>
</library_geometries>
<library_controllers>
	<controller id="id-controller-33">
		<skin source="#id-mesh-32">
			<bind_shape_matrix> 1.0 0.0 0.0 0.0 0.0 1.0 0.0 0.0 0.0 0.0 1.0 0.0 0.0 0.0 0.0 1.0  </bind_shape_matrix>
			<source id="id-controller-33-joints">
				<Name_array id="id-controller-33-joints-array" count="29"> id-skelbones-2-0 id-skelbones-2-1 id-skelbones-2-2 id-skelbones-2-3 id-skelbones-2-4 id-skelbones-2-5 id-skelbones-2-6 id-skelbones-2-7 id-skelbones-2-8 id-skelbones-2-9 id-skelbones-2-10 id-skelbones-2-11 id-skelbones-2-12 id-skelbones-2-13 id-skelbones-2-14 id-skelbones-2-15 id-skelbones-2-16 id-skelbones-2-17 id-skelbones-2-18 id-skelbones-2-19 id-skelbones-2-20 id-skelbones-2-21 id-skelbones-2-22 id-skelbones-2-23 id-skelbones-2-24 id-skelbones-2-25 id-skelbones-2-26 id-skelbones-2-27 id-skelbones-2-28</Name_array>
				<technique_common>
				<accessor source="#id-controller-33-joints-array" count="29" stride="1">
					<param name="JOINT" type="Name"/>
				</accessor>
				</technique_common>
			</source>
			<source id="id-controller-33-bind_poses">
				<float_array id="id-controller-33-bind_poses-array" count="464">  1.0 2.3086992939624906e-07 5.9518693973359404e-08 -6.858466861103807e-08 -3.19744264973363e-14 -0.24963942170143127 0.9683389067649841 -0.9315755367279053 2.3841855067985307e-07 -0.9683389067649841 -0.24963955581188202 0.2876650393009186 -0.0 0.0 -0.0 1.0    1.0 2.3660956571802672e-07 2.931446019260875e-08 -3.5541219745027774e-08 -4.440892776126984e-14 -0.12295359373092651 0.9924125075340271 -1.0866405963897705 2.3841860752327193e-07 -0.9924124479293823 -0.12295374274253845 0.14907066524028778 -0.0 0.0 -0.0 1.0    1.0 2.38297900523321e-07 -7.584709749153262e-09 9.09596131748458e-09 -4.1744389114037675e-14 0.03181273117661476 0.9994939565658569 -1.2091206312179565 2.3841856489070778e-07 -0.9994938969612122 0.03181258216500282 -0.038151226937770844 -0.0 0.0 -0.0 1.0    1.0 -1.4203471976033735e-14 4.613473473316914e-16 -1.5018398404120157e-16 -4.2209315334390193e-14 0.02855992503464222 0.999592125415802 -1.353307843208313 -1.5422635296137056e-14 -0.9995920658111572 0.02855977602303028 -0.033747363835573196 -0.0 0.0 -0.0 1.0    1.0 2.2161377444263053e-07 8.792481764885451e-08 -1.3523518305191828e-07 -4.26325675337378e-14 -0.36878323554992676 0.9295154213905334 -1.4039068222045898 2.3841863594498136e-07 -0.9295154213905334 -0.3687833845615387 0.5672174096107483 -0.0 0.0 -0.0 1.0    1.0 2.342310523317792e-07 4.448869717066373e-08 -6.710435940249226e-08 -3.19744264973363e-14 -0.1865990161895752 0.9824362397193909 -1.5399096012115479 2.3841860752327193e-07 -0.9824361205101013 -0.18659913539886475 0.2814561128616333 -0.0 0.0 -0.0 1.0    1.0 -7.411539298217087e-22 -7.105428204633949e-15 1.145029980120088e-14 -3.55271401761368e-14 1.0430814256778831e-07 1.0000001192092896 -1.6167147159576416 -1.4210856409267898e-14 -1.0 1.4901162970204496e-08 -0.02058297209441662 -0.0 0.0 -0.0 1.0    0.4732983112335205 -0.8809022307395935 -1.3126467024449084e-07 -0.05742795020341873 0.8809021711349487 0.4732983112335205 7.052695139009302e-08 0.013543888926506042 -1.583240916147588e-08 -4.866773650746836e-11 1.0000001192092896 -1.4619243144989014 -0.0 0.0 -0.0 1.0    -0.0253219585865736 -0.9996793270111084 2.3037127760971998e-14 0.026363514363765717 0.9996792674064636 -0.02532198838889599 -1.9599371015033284e-08 -0.16213129460811615 3.760672218078298e-09 1.4846663987100328e-07 1.0 -1.4619241952896118 0.0 0.0 -0.0 1.0    -0.018695397302508354 -0.9998252391815186 5.551115123125783e-17 0.023516643792390823 0.999825119972229 -0.018695425242185593 -1.8614569441410822e-08 -0.4295912981033325 2.7789008871792475e-09 1.486149159291017e-07 1.0 -1.4619241952896118 -0.0 0.0 -0.0 1.0    0.011808612383902073 -0.9999303817749023 1.6653348016355308e-16 0.002924317726865411 0.9999302625656128 0.011808588169515133 -1.4072266019127255e-08 -0.6751886010169983 -1.7611293534613992e-09 1.4912909307440714e-07 1.0000001192092896 -1.4619243144989014 -0.0 0.0 -0.0 1.0    -0.9999999403953552 -9.313204096805805e-10 -3.0336691681951897e-14 0.7499858140945435 -1.3969837198146706e-07 -1.0 -1.488482439526706e-07 0.25825509428977966 -1.583246778125158e-08 1.1469580840639537e-10 1.0000001192092896 -1.414238452911377 -0.0 0.0 0.0 1.0    0.4732983112335205 0.8809022307395935 1.3126467024449084e-07 0.05742795020341873 -0.8809021711349487 0.4732983112335205 7.052695139009302e-08 0.013543888926506042 1.583240916147588e-08 -4.866773650746836e-11 1.0000001192092896 -1.4619243144989014 -0.0 0.0 -0.0 1.0    -0.0253219585865736 0.9996793270111084 -2.3037127760971998e-14 -0.026363514363765717 -0.9996792674064636 -0.02532198838889599 -1.9599371015033284e-08 -0.16213129460811615 -3.760672218078298e-09 1.4846663987100328e-07 1.0 -1.4619241952896118 -0.0 0.0 0.0 1.0    -0.018695397302508354 0.9998252391815186 -5.551115123125783e-17 -0.023516643792390823 -0.999825119972229 -0.018695425242185593 -1.8614569441410822e-08 -0.4295912981033325 -2.7789008871792475e-09 1.486149159291017e-07 1.0 -1.4619241952896118 -0.0 0.0 0.0 1.0    0.011808612383902073 0.9999303817749023 -1.6653348016355308e-16 -0.002924317726865411 -0.9999302625656128 0.011808588169515133 -1.4072266019127255e-08 -0.6751886010169983 1.7611293534613992e-09 1.4912909307440714e-07 1.0000001192092896 -1.4619243144989014 -0.0 0.0 -0.0 1.0    -0.9999999403953552 9.313204096805805e-10 3.0336691681951897e-14 -0.7499858140945435 1.3969837198146706e-07 -1.0 -1.488482439526706e-07 3.022401813268516e-07 1.583246778125158e-08 1.1469580840639537e-10 1.0000001192092896 -1.414238452911377 0.0 0.0 -0.0 1.0    -1.0 2.3322377964421145e-14 -8.742278367890322e-08 0.09866491705179214 -1.5409255563702227e-14 -1.0000001192092896 -2.402812810942123e-07 0.04041622579097748 -8.742281920604e-08 -1.0430814967321567e-07 1.0000001192092896 -1.348636269569397 -0.0 0.0 0.0 1.0    -1.0 2.3322377964421145e-14 -8.742278367890322e-08 -0.09866467863321304 -1.5409255563702227e-14 -1.0000001192092896 -2.402812810942123e-07 0.04041622579097748 -8.742281920604e-08 -1.0430814967321567e-07 1.0000001192092896 -1.348636269569397 -0.0 0.0 0.0 1.0    -0.4217720925807953 -0.8634057641029358 -0.2768375873565674 0.3093262016773224 0.5363219976425171 -0.4837507903575897 0.6916245818138123 -0.6513163447380066 -0.731072723865509 0.14323395490646362 0.6670958399772644 -0.656268835067749 0.0 0.0 -0.0 1.0    -0.4217720627784729 0.8634057641029358 0.2768375873565674 -0.3093261420726776 -0.5363218784332275 -0.4837506115436554 0.6916243433952332 -0.6513161659240723 0.7310726642608643 0.14323385059833527 0.6670957803726196 -0.6562687158584595 -0.0 0.0 -0.0 1.0    1.0 -2.3820858530143596e-07 -1.256586568132434e-08 -0.08166512101888657 -7.602559470853976e-09 0.02082306705415249 -0.9997833371162415 1.0002408027648926 2.3841722907036456e-07 0.9997875094413757 0.02082427404820919 -0.030633537098765373 -0.0 0.0 -0.0 1.0    1.0 -2.384170727509627e-07 2.483568906086475e-09 -0.08166511356830597 2.335294624344897e-09 -0.0006235717446543276 -1.0000001192092896 0.5224155187606812 2.3841721485950984e-07 1.0000041723251343 -0.0006222772062756121 -0.019434068351984024 -0.0 0.0 -0.0 1.0    1.0 1.432258039382392e-13 -1.9506802857033323e-13 -0.08166512101888657 3.2567983141058854e-13 -0.8394259810447693 -0.5434808135032654 0.06638996303081512 -3.33713064777294e-13 0.5434819459915161 -0.8394218683242798 0.06667733192443848 -0.0 0.0 0.0 1.0    -1.0 -1.693165524955449e-16 8.742304657971545e-08 0.08166512846946716 3.081363831626549e-13 -1.0000044107437134 -1.3113084378346684e-06 -0.08425121009349823 8.742292578745037e-08 -2.9802464496242465e-08 1.0000003576278687 -0.024884413927793503 -0.0 0.0 -0.0 1.0    1.0 -2.3820859951229068e-07 -1.2565872786751697e-08 0.08166514337062836 -7.602570128995012e-09 0.020823052152991295 -0.9997833371162415 1.0002409219741821 2.3841721485950984e-07 0.9997875690460205 0.020824288949370384 -0.03063351847231388 -0.0 0.0 -0.0 1.0    1.0 -2.384170727509627e-07 2.4836366296909773e-09 0.08166513592004776 2.3353554645666463e-09 -0.0006236016051843762 -1.0000001192092896 0.5224155783653259 2.384171864378004e-07 1.0000041723251343 -0.000622277264483273 -0.019434044137597084 -0.0 0.0 -0.0 1.0    1.0 1.270912086508147e-13 -2.2244359132450597e-13 0.08166512846946716 3.0456900564947154e-13 -0.8394261598587036 -0.5434807538986206 0.06638997048139572 -3.6631949643789463e-13 0.5434818863868713 -0.8394219875335693 0.06667733192443848 -0.0 0.0 0.0 1.0    -1.0 -1.4030527700539108e-16 8.742306079057016e-08 -0.08166512846946716 3.232945053159575e-13 -1.0000041723251343 -1.3411105328486883e-06 -0.08425118774175644 8.742296131458716e-08 2.980245739081511e-08 1.0000003576278687 -0.024884400889277458 0.0 0.0 -0.0 1.0  </float_array>
				<technique_common>
				<accessor source="#id-controller-33-bind_poses-array" count="29" stride="16">
					<param name="TRANSFORM" type="float4x4"/>
				</accessor>
				</technique_common>
			</source>
			<source id="id-controller-33-skin_weights">
				<float_array id="id-controller-33-skin_weights-array" count="4"> 1 1 1 1</float_array>
				<technique_common>
				<accessor source="#id-controller-33-skin_weights-array" count="4" stride="1">
					<param name="WEIGHT" type="float"/>
				</accessor>
				</technique_common>
			</source>
			<joints>
				<input semantic="JOINT" source="#id-controller-33-joints"/>
				<input semantic="INV_BIND_MATRIX" source="#id-controller-33-bind_poses"/>
			</joints>
			<vertex_weights count="4">
				<input semantic="JOINT" source="#id-controller-33-joints" offset="0"/>
				<input semantic="WEIGHT" source="#id-controller-33-skin_weights" offset="1"/>
				<vcount> 1 1 1 1</vcount>
				<v> 0 0 0 1 0 2 0 3</v>
			</vertex_weights>
		</skin>
	</controller>
</library_controllers>
<library_animation_clips>
	<animation_clip name="aim_y" start="0.0" end="1.0">
		<instance_animation url="#id-anim-34"/>
		<instance_animation url="#id-anim-35"/>
		<instance_animation url="#id-anim-36"/>
		<instance_animation url="#id-anim-37"/>
		<instance_animation url="#id-anim-38"/>
		<instance_animation url="#id-anim-39"/>
		<instance_animation url="#id-anim-40"/>
		<instance_animation url="#id-anim-41"/>
		<instance_animation url="#id-anim-42"/>
		<instance_animation url="#id-anim-43"/>
		<instance_animation url="#id-anim-44"/>
		<instance_animation url="#id-anim-45"/>
		<instance_animation url="#id-anim-46"/>
		<instance_animation url="#id-anim-47"/>
		<instance_animation url="#id-anim-48"/>
		<instance_animation url="#id-anim-49"/>
		<instance_animation url="#id-anim-50"/>
		<instance_animation url="#id-anim-51"/>
		<instance_animation url="#id-anim-52"/>
		<instance_animation url="#id-anim-53"/>
		<instance_animation url="#id-anim-54"/>
		<instance_animation url="#id-anim-55"/>
		<instance_animation url="#id-anim-56"/>
		<instance_animation url="#id-anim-57"/>
		<instance_animation url="#id-anim-58"/>
		<instance_animation url="#id-anim-59"/>
		<instance_animation url="#id-anim-60"/>
		<instance_animation url="#id-anim-61"/>
		<instance_animation url="#id-anim-62"/>
		<instance_animation url="#id-anim-63"/>
	</animation_clip>
	<animation_clip name="air -loop" start="0.0" end="0.3333333333333333">
		<instance_animation url="#id-anim-64"/>
		<instance_animation url="#id-anim-65"/>
		<instance_animation url="#id-anim-66"/>
		<instance_animation url="#id-anim-67"/>
		<instance_animation url="#id-anim-68"/>
		<instance_animation url="#id-anim-69"/>
		<instance_animation url="#id-anim-70"/>
		<instance_animation url="#id-anim-71"/>
		<instance_animation url="#id-anim-72"/>
		<instance_animation url="#id-anim-73"/>
		<instance_animation url="#id-anim-74"/>
		<instance_animation url="#id-anim-75"/>
		<instance_animation url="#id-anim-76"/>
		<instance_animation url="#id-anim-77"/>
		<instance_animation url="#id-anim-78"/>
		<instance_animation url="#id-anim-79"/>
		<instance_animation url="#id-anim-80"/>
		<instance_animation url="#id-anim-81"/>
		<instance_animation url="#id-anim-82"/>
		<instance_animation url="#id-anim-83"/>
		<instance_animation url="#id-anim-84"/>
		<instance_animation url="#id-anim-85"/>
		<instance_animation url="#id-anim-86"/>
		<instance_animation url="#id-anim-87"/>
		<instance_animation url="#id-anim-88"/>
		<instance_animation url="#id-anim-89"/>
		<instance_animation url="#id-anim-90"/>
		<instance_animation url="#id-anim-91"/>
		<instance_animation url="#id-anim-92"/>
		<instance_animation url="#id-anim-93"/>
	</animation_clip>
	<animation_clip name="Empty.001Action" start="0.0" end="1.0">
	</animation_clip>
	<animation_clip name="iddle" start="0.0" end="1.6666666666666667">
		<instance_animation url="#id-anim-94"/>
		<instance_animation url="#id-anim-95"/>
		<instance_animation url="#id-anim-96"/>
		<instance_animation url="#id-anim-97"/>
		<instance_animation url="#id-anim-98"/>
		<instance_animation url="#id-anim-99"/>
		<instance_animation url="#id-anim-100"/>
		<instance_animation url="#id-anim-101"/>
		<instance_animation url="#id-anim-102"/>
		<instance_animation url="#id-anim-103"/>
		<instance_animation url="#id-anim-104"/>
		<instance_animation url="#id-anim-105"/>
		<instance_animation url="#id-anim-106"/>
		<instance_animation url="#id-anim-107"/>
		<instance_animation url="#id-anim-108"/>
		<instance_animation url="#id-anim-109"/>
		<instance_animation url="#id-anim-110"/>
		<instance_animation url="#id-anim-111"/>
		<instance_animation url="#id-anim-112"/>
		<instance_animation url="#id-anim-113"/>
		<instance_animation url="#id-anim-114"/>
		<instance_animation url="#id-anim-115"/>
		<instance_animation url="#id-anim-116"/>
		<instance_animation url="#id-anim-117"/>
		<instance_animation url="#id-anim-118"/>
		<instance_animation url="#id-anim-119"/>
		<instance_animation url="#id-anim-120"/>
		<instance_animation url="#id-anim-121"/>
		<instance_animation url="#id-anim-122"/>
		<instance_animation url="#id-anim-123"/>
	</animation_clip>
	<animation_clip name="look.001" start="0.0" end="1.0">
		<instance_animation url="#id-anim-124"/>
		<instance_animation url="#id-anim-125"/>
		<instance_animation url="#id-anim-126"/>
		<instance_animation url="#id-anim-127"/>
		<instance_animation url="#id-anim-128"/>
		<instance_animation url="#id-anim-129"/>
		<instance_animation url="#id-anim-130"/>
		<instance_animation url="#id-anim-131"/>
		<instance_animation url="#id-anim-132"/>
		<instance_animation url="#id-anim-133"/>
		<instance_animation url="#id-anim-134"/>
		<instance_animation url="#id-anim-135"/>
		<instance_animation url="#id-anim-136"/>
		<instance_animation url="#id-anim-137"/>
		<instance_animation url="#id-anim-138"/>
		<instance_animation url="#id-anim-139"/>
		<instance_animation url="#id-anim-140"/>
		<instance_animation url="#id-anim-141"/>
		<instance_animation url="#id-anim-142"/>
		<instance_animation url="#id-anim-143"/>
		<instance_animation url="#id-anim-144"/>
		<instance_animation url="#id-anim-145"/>
		<instance_animation url="#id-anim-146"/>
		<instance_animation url="#id-anim-147"/>
		<instance_animation url="#id-anim-148"/>
		<instance_animation url="#id-anim-149"/>
		<instance_animation url="#id-anim-150"/>
		<instance_animation url="#id-anim-151"/>
		<instance_animation url="#id-anim-152"/>
		<instance_animation url="#id-anim-153"/>
	</animation_clip>
	<animation_clip name="look_y" start="0.0" end="1.0">
		<instance_animation url="#id-anim-154"/>
		<instance_animation url="#id-anim-155"/>
		<instance_animation url="#id-anim-156"/>
		<instance_animation url="#id-anim-157"/>
		<instance_animation url="#id-anim-158"/>
		<instance_animation url="#id-anim-159"/>
		<instance_animation url="#id-anim-160"/>
		<instance_animation url="#id-anim-161"/>
		<instance_animation url="#id-anim-162"/>
		<instance_animation url="#id-anim-163"/>
		<instance_animation url="#id-anim-164"/>
		<instance_animation url="#id-anim-165"/>
		<instance_animation url="#id-anim-166"/>
		<instance_animation url="#id-anim-167"/>
		<instance_animation url="#id-anim-168"/>
		<instance_animation url="#id-anim-169"/>
		<instance_animation url="#id-anim-170"/>
		<instance_animation url="#id-anim-171"/>
		<instance_animation url="#id-anim-172"/>
		<instance_animation url="#id-anim-173"/>
		<instance_animation url="#id-anim-174"/>
		<instance_animation url="#id-anim-175"/>
		<instance_animation url="#id-anim-176"/>
		<instance_animation url="#id-anim-177"/>
		<instance_animation url="#id-anim-178"/>
		<instance_animation url="#id-anim-179"/>
		<instance_animation url="#id-anim-180"/>
		<instance_animation url="#id-anim-181"/>
		<instance_animation url="#id-anim-182"/>
		<instance_animation url="#id-anim-183"/>
	</animation_clip>
	<animation_clip name="m0 -loop" start="0.0" end="0.5">
		<instance_animation url="#id-anim-184"/>
		<instance_animation url="#id-anim-185"/>
		<instance_animation url="#id-anim-186"/>
		<instance_animation url="#id-anim-187"/>
		<instance_animation url="#id-anim-188"/>
		<instance_animation url="#id-anim-189"/>
		<instance_animation url="#id-anim-190"/>
		<instance_animation url="#id-anim-191"/>
		<instance_animation url="#id-anim-192"/>
		<instance_animation url="#id-anim-193"/>
		<instance_animation url="#id-anim-194"/>
		<instance_animation url="#id-anim-195"/>
		<instance_animation url="#id-anim-196"/>
		<instance_animation url="#id-anim-197"/>
		<instance_animation url="#id-anim-198"/>
		<instance_animation url="#id-anim-199"/>
		<instance_animation url="#id-anim-200"/>
		<instance_animation url="#id-anim-201"/>
		<instance_animation url="#id-anim-202"/>
		<instance_animation url="#id-anim-203"/>
		<instance_animation url="#id-anim-204"/>
		<instance_animation url="#id-anim-205"/>
		<instance_animation url="#id-anim-206"/>
		<instance_animation url="#id-anim-207"/>
		<instance_animation url="#id-anim-208"/>
		<instance_animation url="#id-anim-209"/>
		<instance_animation url="#id-anim-210"/>
		<instance_animation url="#id-anim-211"/>
		<instance_animation url="#id-anim-212"/>
		<instance_animation url="#id-anim-213"/>
	</animation_clip>
	<animation_clip name="m0 start" start="0.0" end="0.016666666666666666">
		<instance_animation url="#id-anim-214"/>
		<instance_animation url="#id-anim-215"/>
		<instance_animation url="#id-anim-216"/>
		<instance_animation url="#id-anim-217"/>
		<instance_animation url="#id-anim-218"/>
		<instance_animation url="#id-anim-219"/>
		<instance_animation url="#id-anim-220"/>
		<instance_animation url="#id-anim-221"/>
		<instance_animation url="#id-anim-222"/>
		<instance_animation url="#id-anim-223"/>
		<instance_animation url="#id-anim-224"/>
		<instance_animation url="#id-anim-225"/>
		<instance_animation url="#id-anim-226"/>
		<instance_animation url="#id-anim-227"/>
		<instance_animation url="#id-anim-228"/>
		<instance_animation url="#id-anim-229"/>
		<instance_animation url="#id-anim-230"/>
		<instance_animation url="#id-anim-231"/>
		<instance_animation url="#id-anim-232"/>
		<instance_animation url="#id-anim-233"/>
		<instance_animation url="#id-anim-234"/>
		<instance_animation url="#id-anim-235"/>
		<instance_animation url="#id-anim-236"/>
		<instance_animation url="#id-anim-237"/>
		<instance_animation url="#id-anim-238"/>
		<instance_animation url="#id-anim-239"/>
		<instance_animation url="#id-anim-240"/>
		<instance_animation url="#id-anim-241"/>
		<instance_animation url="#id-anim-242"/>
		<instance_animation url="#id-anim-243"/>
	</animation_clip>
	<animation_clip name="mb -loop" start="0.0" end="0.3333333333333333">
		<instance_animation url="#id-anim-244"/>
		<instance_animation url="#id-anim-245"/>
		<instance_animation url="#id-anim-246"/>
		<instance_animation url="#id-anim-247"/>
		<instance_animation url="#id-anim-248"/>
		<instance_animation url="#id-anim-249"/>
		<instance_animation url="#id-anim-250"/>
		<instance_animation url="#id-anim-251"/>
		<instance_animation url="#id-anim-252"/>
		<instance_animation url="#id-anim-253"/>
		<instance_animation url="#id-anim-254"/>
		<instance_animation url="#id-anim-255"/>
		<instance_animation url="#id-anim-256"/>
		<instance_animation url="#id-anim-257"/>
		<instance_animation url="#id-anim-258"/>
		<instance_animation url="#id-anim-259"/>
		<instance_animation url="#id-anim-260"/>
		<instance_animation url="#id-anim-261"/>
		<instance_animation url="#id-anim-262"/>
		<instance_animation url="#id-anim-263"/>
		<instance_animation url="#id-anim-264"/>
		<instance_animation url="#id-anim-265"/>
		<instance_animation url="#id-anim-266"/>
		<instance_animation url="#id-anim-267"/>
		<instance_animation url="#id-anim-268"/>
		<instance_animation url="#id-anim-269"/>
		<instance_animation url="#id-anim-270"/>
		<instance_animation url="#id-anim-271"/>
		<instance_animation url="#id-anim-272"/>
		<instance_animation url="#id-anim-273"/>
	</animation_clip>
	<animation_clip name="mf -loop" start="0.0" end="0.3333333333333333">
		<instance_animation url="#id-anim-274"/>
		<instance_animation url="#id-anim-275"/>
		<instance_animation url="#id-anim-276"/>
		<instance_animation url="#id-anim-277"/>
		<instance_animation url="#id-anim-278"/>
		<instance_animation url="#id-anim-279"/>
		<instance_animation url="#id-anim-280"/>
		<instance_animation url="#id-anim-281"/>
		<instance_animation url="#id-anim-282"/>
		<instance_animation url="#id-anim-283"/>
		<instance_animation url="#id-anim-284"/>
		<instance_animation url="#id-anim-285"/>
		<instance_animation url="#id-anim-286"/>
		<instance_animation url="#id-anim-287"/>
		<instance_animation url="#id-anim-288"/>
		<instance_animation url="#id-anim-289"/>
		<instance_animation url="#id-anim-290"/>
		<instance_animation url="#id-anim-291"/>
		<instance_animation url="#id-anim-292"/>
		<instance_animation url="#id-anim-293"/>
		<instance_animation url="#id-anim-294"/>
		<instance_animation url="#id-anim-295"/>
		<instance_animation url="#id-anim-296"/>
		<instance_animation url="#id-anim-297"/>
		<instance_animation url="#id-anim-298"/>
		<instance_animation url="#id-anim-299"/>
		<instance_animation url="#id-anim-300"/>
		<instance_animation url="#id-anim-301"/>
		<instance_animation url="#id-anim-302"/>
		<instance_animation url="#id-anim-303"/>
	</animation_clip>
	<animation_clip name="ml -loop" start="0.0" end="0.3333333333333333">
		<instance_animation url="#id-anim-304"/>
		<instance_animation url="#id-anim-305"/>
		<instance_animation url="#id-anim-306"/>
		<instance_animation url="#id-anim-307"/>
		<instance_animation url="#id-anim-308"/>
		<instance_animation url="#id-anim-309"/>
		<instance_animation url="#id-anim-310"/>
		<instance_animation url="#id-anim-311"/>
		<instance_animation url="#id-anim-312"/>
		<instance_animation url="#id-anim-313"/>
		<instance_animation url="#id-anim-314"/>
		<instance_animation url="#id-anim-315"/>
		<instance_animation url="#id-anim-316"/>
		<instance_animation url="#id-anim-317"/>
		<instance_animation url="#id-anim-318"/>
		<instance_animation url="#id-anim-319"/>
		<instance_animation url="#id-anim-320"/>
		<instance_animation url="#id-anim-321"/>
		<instance_animation url="#id-anim-322"/>
		<instance_animation url="#id-anim-323"/>
		<instance_animation url="#id-anim-324"/>
		<instance_animation url="#id-anim-325"/>
		<instance_animation url="#id-anim-326"/>
		<instance_animation url="#id-anim-327"/>
		<instance_animation url="#id-anim-328"/>
		<instance_animation url="#id-anim-329"/>
		<instance_animation url="#id-anim-330"/>
		<instance_animation url="#id-anim-331"/>
		<instance_animation url="#id-anim-332"/>
		<instance_animation url="#id-anim-333"/>
	</animation_clip>
	<animation_clip name="mn -loop" start="0.016666666666666666" end="0.03333333333333333">
		<instance_animation url="#id-anim-334"/>
		<instance_animation url="#id-anim-335"/>
		<instance_animation url="#id-anim-336"/>
		<instance_animation url="#id-anim-337"/>
		<instance_animation url="#id-anim-338"/>
		<instance_animation url="#id-anim-339"/>
		<instance_animation url="#id-anim-340"/>
		<instance_animation url="#id-anim-341"/>
		<instance_animation url="#id-anim-342"/>
		<instance_animation url="#id-anim-343"/>
		<instance_animation url="#id-anim-344"/>
		<instance_animation url="#id-anim-345"/>
		<instance_animation url="#id-anim-346"/>
		<instance_animation url="#id-anim-347"/>
		<instance_animation url="#id-anim-348"/>
		<instance_animation url="#id-anim-349"/>
		<instance_animation url="#id-anim-350"/>
		<instance_animation url="#id-anim-351"/>
		<instance_animation url="#id-anim-352"/>
		<instance_animation url="#id-anim-353"/>
		<instance_animation url="#id-anim-354"/>
		<instance_animation url="#id-anim-355"/>
		<instance_animation url="#id-anim-356"/>
		<instance_animation url="#id-anim-357"/>
		<instance_animation url="#id-anim-358"/>
		<instance_animation url="#id-anim-359"/>
		<instance_animation url="#id-anim-360"/>
		<instance_animation url="#id-anim-361"/>
		<instance_animation url="#id-anim-362"/>
		<instance_animation url="#id-anim-363"/>
	</animation_clip>
	<animation_clip name="mr -loop" start="0.0" end="0.3333333333333333">
		<instance_animation url="#id-anim-364"/>
		<instance_animation url="#id-anim-365"/>
		<instance_animation url="#id-anim-366"/>
		<instance_animation url="#id-anim-367"/>
		<instance_animation url="#id-anim-368"/>
		<instance_animation url="#id-anim-369"/>
		<instance_animation url="#id-anim-370"/>
		<instance_animation url="#id-anim-371"/>
		<instance_animation url="#id-anim-372"/>
		<instance_animation url="#id-anim-373"/>
		<instance_animation url="#id-anim-374"/>
		<instance_animation url="#id-anim-375"/>
		<instance_animation url="#id-anim-376"/>
		<instance_animation url="#id-anim-377"/>
		<instance_animation url="#id-anim-378"/>
		<instance_animation url="#id-anim-379"/>
		<instance_animation url="#id-anim-380"/>
		<instance_animation url="#id-anim-381"/>
		<instance_animation url="#id-anim-382"/>
		<instance_animation url="#id-anim-383"/>
		<instance_animation url="#id-anim-384"/>
		<instance_animation url="#id-anim-385"/>
		<instance_animation url="#id-anim-386"/>
		<instance_animation url="#id-anim-387"/>
		<instance_animation url="#id-anim-388"/>
		<instance_animation url="#id-anim-389"/>
		<instance_animation url="#id-anim-390"/>
		<instance_animation url="#id-anim-391"/>
		<instance_animation url="#id-anim-392"/>
		<instance_animation url="#id-anim-393"/>
	</animation_clip>
	<animation_clip name="reload" start="0.0" end="0.016666666666666666">
	</animation_clip>
</library_animation_clips>
<library_visual_scenes>
	<visual_scene id="id-scene-1" name="scene">
		<node id="Empty.001" name="Empty.001" type="NODE">
			<matrix sid="transform"> 1.0 0.0 1.676390165884352e-23 -0.7499858736991882 0.0 1.0 0.0 -1.30385160446167e-08 -1.676390165884352e-23 0.0 1.0 1.4142383337020874 0.0 0.0 0.0 1.0  </matrix>
				<extra>
					<technique profile="GODOT">
						<empty_draw_type>PLAIN_AXES</empty_draw_type>
					</technique>
				</extra>
			<node id="Empty" name="Empty" type="NODE">
				<matrix sid="transform"> 1.0 0.0 1.676390008112171e-23 0.0 0.0 1.0 0.0 -100.0 1.5777218104420236e-30 0.0 0.9999998807907104 -1.1920928955078125e-07 0.0 0.0 0.0 1.0  </matrix>
				<extra>
					<technique profile="GODOT">
						<empty_draw_type>PLAIN_AXES</empty_draw_type>
					</technique>
				</extra>
			</node>
		</node>
		<node id="metarig" name="metarig" type="NODE">
			<matrix sid="transform"> 1.0 0.0 0.0 0.0 0.0 1.0 0.0 0.0 0.0 0.0 1.0 0.0 0.0 0.0 0.0 1.0  </matrix>
			<node id="id-bone-3" sid="id-skelbones-2-0" name="spine" type="JOINT">
				<matrix sid="transform"> 1.0 0.0 2.3841852225814364e-07 0.0 2.3086992939624906e-07 -0.24963952600955963 -0.9683387875556946 0.045999132096767426 5.9518693973359404e-08 0.9683387875556946 -0.2496393918991089 0.9738932251930237 0.0 0.0 0.0 1.0  </matrix>
				<node id="id-bone-4" sid="id-skelbones-2-1" name="spine.001" type="JOINT">
					<matrix sid="transform"> 1.0 3.0680766371915524e-08 1.982371156117324e-09 -2.6645352591003757e-15 -3.068077347734288e-08 0.9916855096817017 0.12868452072143555 0.12684711813926697 1.982258357458022e-09 -0.12868449091911316 0.9916855692863464 7.450580596923828e-09 0.0 0.0 0.0 1.0  </matrix>
					<node id="id-bone-5" sid="id-skelbones-2-2" name="spine.002" type="JOINT">
						<matrix sid="transform"> 1.0 3.682677984784277e-08 2.8613411640066033e-09 5.669266160751509e-16 -3.682677984784277e-08 0.9879986047744751 0.15446271002292633 0.1138618215918541 2.861392678354946e-09 -0.15446269512176514 0.9879986047744751 -4.0745362639427185e-09 0.0 0.0 0.0 1.0  </matrix>
						<node id="id-bone-6" sid="id-skelbones-2-3" name="spine.003" type="JOINT">
							<matrix sid="transform"> 1.0 -7.758811926272813e-10 -2.3841731433549285e-07 1.505929818407172e-16 4.14513307491225e-16 0.999994695186615 -0.0032542813569307327 0.14407014846801758 2.384185791015625e-07 0.003254283219575882 0.999994695186615 5.122274160385132e-09 0.0 0.0 0.0 1.0  </matrix>
							<node id="id-bone-7" sid="id-skelbones-2-4" name="spine.004" type="JOINT">
								<matrix sid="transform"> 1.0 7.105426934084528e-15 2.3841860752327193e-07 2.6469779601696886e-23 9.421818703003737e-08 0.918603777885437 -0.3951796889305115 0.16047894954681396 -2.1901223590248264e-07 0.3951796591281891 0.918603777885437 -9.313225746154785e-10 0.0 0.0 0.0 1.0  </matrix>
								<node id="id-bone-8" sid="id-skelbones-2-5" name="spine.005" type="JOINT">
									<matrix sid="transform"> 1.0 4.5027579886891544e-08 4.2905305974727526e-09 -1.809767884598107e-14 -4.502759409774626e-08 0.9820041060447693 0.18885934352874756 0.05513502657413483 4.290562571895862e-09 -0.18885932862758636 0.9820042252540588 7.264316082000732e-08 0.0 0.0 0.0 1.0  </matrix>
									<node id="id-bone-9" sid="id-skelbones-2-6" name="spine.006" type="JOINT">
										<matrix sid="transform"> 1.0 4.4488704276091084e-08 -2.342310523317792e-07 -5.291921347200072e-15 5.580452956286883e-15 0.9824361205101013 0.18659912049770355 0.052250102162361145 2.3841860752327193e-07 -0.18659913539886475 0.9824361205101013 1.862645149230957e-08 0.0 0.0 0.0 1.0  </matrix>
									</node>
								</node>
							</node>
							<node id="id-bone-10" sid="id-skelbones-2-7" name="shoulder.L" type="JOINT">
								<matrix sid="transform"> 0.4732983410358429 0.8809022903442383 -1.1002148381808825e-24 0.015249710530042648 -0.02515849471092224 0.013517378829419613 0.9995920658111572 0.10639218240976334 0.8805428743362427 -0.473105251789093 0.02855992317199707 0.06498052924871445 0.0 0.0 0.0 1.0  </matrix>
								<node id="id-bone-11" sid="id-skelbones-2-8" name="upper_arm.L" type="JOINT">
									<matrix sid="transform"> 0.8686348795890808 0.49545273184776306 -1.21554109000499e-07 -3.771830847654201e-09 -0.49545273184776306 0.8686349391937256 8.755165481488802e-08 0.1674387902021408 1.4896383504492405e-07 -1.582609954198233e-08 1.0 -2.577758673183439e-09 0.0 0.0 0.0 1.0  </matrix>
									<node id="id-bone-12" sid="id-skelbones-2-9" name="forearm.L" type="JOINT">
										<matrix sid="transform"> 0.9999779462814331 -0.006628131493926048 -1.2335685251052553e-10 -9.312888793466811e-10 0.006628129631280899 0.9999780058860779 -9.852086924055925e-10 0.2672947347164154 1.2988093933685718e-10 9.84372028334235e-10 0.9999999403953552 3.915358259831692e-09 0.0 0.0 0.0 1.0  </matrix>
										<node id="id-bone-13" sid="id-skelbones-2-10" name="hand.L" type="JOINT">
											<matrix sid="transform"> 0.9995346665382385 -0.030500642955303192 -4.292132482763833e-10 7.979727989493313e-17 0.030500641092658043 0.9995346665382385 -4.548851073593596e-09 0.24519392848014832 5.677399106396308e-10 4.533641906334651e-09 0.9999999403953552 3.495535194630861e-09 0.0 0.0 0.0 1.0  </matrix>
											<node id="id-bone-14" sid="id-skelbones-2-11" name="gun.l" type="JOINT">
												<matrix sid="transform"> -0.011808753944933414 0.9999303817749023 1.488378700287285e-07 -0.24645619094371796 -0.9999303817749023 -0.011808587238192558 -1.582998265803326e-08 0.07779460400342941 -1.4071319220931855e-08 -1.4901439726600074e-07 1.0 -0.04768582433462143 0.0 0.0 0.0 1.0  </matrix>
											</node>
										</node>
									</node>
								</node>
							</node>
							<node id="id-bone-15" sid="id-skelbones-2-12" name="shoulder.R" type="JOINT">
								<matrix sid="transform"> 0.4732983410358429 -0.8809022903442383 -1.1002148381808825e-24 -0.015249710530042648 0.02515849471092224 0.013517378829419613 0.9995920658111572 0.10639218240976334 -0.8805428743362427 -0.473105251789093 0.02855992317199707 0.06498053669929504 0.0 0.0 0.0 1.0  </matrix>
								<node id="id-bone-16" sid="id-skelbones-2-13" name="upper_arm.R" type="JOINT">
									<matrix sid="transform"> 0.8686348795890808 -0.49545273184776306 1.21554109000499e-07 3.771830847654201e-09 0.49545273184776306 0.8686349391937256 8.755165481488802e-08 0.1674387902021408 -1.4896383504492405e-07 -1.582609954198233e-08 1.0 -2.577758673183439e-09 0.0 0.0 0.0 1.0  </matrix>
									<node id="id-bone-17" sid="id-skelbones-2-14" name="forearm.R" type="JOINT">
										<matrix sid="transform"> 0.9999779462814331 0.006628131493926048 1.2335685251052553e-10 9.312888793466811e-10 -0.006628129631280899 0.9999780058860779 -9.852086924055925e-10 0.2672947347164154 -1.2988093933685718e-10 9.84372028334235e-10 0.9999999403953552 3.915358259831692e-09 0.0 0.0 0.0 1.0  </matrix>
										<node id="id-bone-18" sid="id-skelbones-2-15" name="hand.R" type="JOINT">
											<matrix sid="transform"> 0.9995346665382385 0.030500642955303192 4.292132482763833e-10 -7.979727989493313e-17 -0.030500641092658043 0.9995346665382385 -4.548851073593596e-09 0.24519392848014832 -5.677399106396308e-10 4.533641906334651e-09 0.9999999403953552 3.495535194630861e-09 0.0 0.0 0.0 1.0  </matrix>
											<node id="id-bone-19" sid="id-skelbones-2-16" name="gun.r" type="JOINT">
												<matrix sid="transform"> -0.011808753944933414 -0.9999303817749023 -1.488378700287285e-07 -0.011780623346567154 0.9999303817749023 -0.011808587238192558 -1.582998265803326e-08 0.07474497705698013 1.4071319220931855e-08 -1.4901439726600074e-07 1.0 -0.047685861587524414 0.0 0.0 0.0 1.0  </matrix>
											</node>
										</node>
									</node>
								</node>
							</node>
							<node id="id-bone-20" sid="id-skelbones-2-17" name="breast.L" type="JOINT">
								<matrix sid="transform"> -1.0 -4.8122279111465794e-23 -8.742277657347586e-08 0.09866480529308319 -8.738711443356806e-08 -0.028560027480125427 0.9995920062065125 -0.004067449364811182 -2.496796769335674e-09 0.9995920062065125 0.028560012578964233 -0.03563002869486809 0.0 0.0 0.0 1.0  </matrix>
							</node>
							<node id="id-bone-21" sid="id-skelbones-2-18" name="breast.R" type="JOINT">
								<matrix sid="transform"> -1.0 -4.8122279111465794e-23 -8.742277657347586e-08 -0.09866480529308319 -8.738711443356806e-08 -0.028560027480125427 0.9995920062065125 -0.004067449364811182 -2.496796769335674e-09 0.9995920062065125 0.028560012578964233 -0.03563002869486809 0.0 0.0 0.0 1.0  </matrix>
							</node>
						</node>
					</node>
				</node>
				<node id="id-bone-22" sid="id-skelbones-2-19" name="pelvis.L" type="JOINT">
					<matrix sid="transform"> -0.4217722415924072 0.5363215208053589 -0.7310725450515747 2.6645352591003757e-15 -0.05253228545188904 0.7904897332191467 0.6102179288864136 -5.587935447692871e-09 0.9051786065101624 0.2957778871059418 -0.3052324652671814 2.2351741790771484e-08 0.0 0.0 0.0 1.0  </matrix>
				</node>
				<node id="id-bone-23" sid="id-skelbones-2-20" name="pelvis.R" type="JOINT">
					<matrix sid="transform"> -0.421771764755249 -0.5363218188285828 0.731072723865509 2.6645352591003757e-15 0.05253233015537262 0.790489912033081 0.6102180480957031 -5.587935447692871e-09 -0.9051789045333862 0.29577773809432983 -0.30523213744163513 2.2351741790771484e-08 0.0 0.0 0.0 1.0  </matrix>
				</node>
				<node id="id-bone-24" sid="id-skelbones-2-21" name="thigh.L" type="JOINT">
					<matrix sid="transform"> 1.0 -6.230074234281346e-08 4.704757543549931e-07 0.08166512101888657 4.7297994854034187e-08 -0.9733272790908813 -0.2294204980134964 0.03495820611715317 4.722197104456427e-07 0.2294205129146576 -0.9733229279518127 0.02837299183011055 0.0 0.0 0.0 1.0  </matrix>
					<node id="id-bone-25" sid="id-skelbones-2-22" name="shin.L" type="JOINT">
						<matrix sid="transform"> 1.0 1.504929691975576e-08 2.1787210924273381e-10 -3.82064246906566e-09 -1.5050510171477072e-08 0.999769926071167 0.021446404978632927 0.4783622622489929 1.0493217406093436e-10 -0.021446406841278076 0.9997699856758118 -1.0187228838276496e-09 0.0 0.0 0.0 1.0  </matrix>
						<node id="id-bone-26" sid="id-skelbones-2-23" name="foot.L" type="JOINT">
							<matrix sid="transform"> 1.0 1.9878181944932294e-07 -1.3165950463189802e-07 1.0482731127581246e-08 2.335397430996977e-09 0.5440029501914978 0.8390833139419556 0.4303513467311859 2.3841766960686073e-07 -0.8390833139419556 0.5440029501914978 2.7647732991908924e-09 0.0 0.0 0.0 1.0  </matrix>
							<node id="id-bone-27" sid="id-skelbones-2-24" name="toe.L" type="JOINT">
								<matrix sid="transform"> -1.0 -1.4566126083082054e-13 8.742281920604e-08 7.450563721533854e-09 -4.75126356036526e-08 0.8394222855567932 -0.5434795618057251 0.12358813732862473 -7.33845766376362e-08 -0.5434795618057251 -0.8394222855567932 1.8626178377445513e-09 0.0 0.0 0.0 1.0  </matrix>
							</node>
						</node>
					</node>
				</node>
				<node id="id-bone-28" sid="id-skelbones-2-25" name="thigh.R" type="JOINT">
					<matrix sid="transform"> 1.0 -6.230074234281346e-08 4.704757543549931e-07 -0.08166513592004776 4.729798064317947e-08 -0.9733272790908813 -0.2294204980134964 0.03495820611715317 4.722196820239333e-07 0.2294204980134964 -0.9733229279518127 0.028372950851917267 0.0 0.0 0.0 1.0  </matrix>
					<node id="id-bone-29" sid="id-skelbones-2-26" name="shin.R" type="JOINT">
						<matrix sid="transform"> 1.0 1.5049371526743016e-08 2.1785828696607723e-10 3.62993146652002e-09 -1.5050583002107487e-08 0.999769926071167 0.02144641987979412 0.47836238145828247 1.0494782820558157e-10 -0.02144642174243927 0.9997699856758118 -8.43920489046468e-10 0.0 0.0 0.0 1.0  </matrix>
						<node id="id-bone-30" sid="id-skelbones-2-27" name="foot.R" type="JOINT">
